																															936
															920																|																918
							870								|								783								|								759								|								807				
			773				|				733				|				707				|				753				|				649				|				667				|				670				|				780
	354		|		753		|		674		|		396		|		653		|		696		|		613		|		421		|		525		|		609		|		519		|		636		|		588		|		511		|		771		|		731
11	|	104	|	334	|	487	|	71	|	290	|	57	|	217	|	270	|	570	|	310	|	486	|	439	|	421	|	391	|	40	|	383	|	505	|	0












							718
			534				|				649
	525		|		951		|		692		|		67
539	|	223	|	210	|		|		|		|		|